描述性统计量
==================================================

            食品      衣着      设备      医疗      交通      教育       居住      杂项
count     31.0    31.0    31.0    31.0    31.0    31.0     31.0    31.0
mean    6021.3  1379.1  1255.6  1932.8  2867.7  2493.0   5060.0   551.9
std     1784.9   359.5   377.4   609.3   887.9   877.2   3127.0   258.1
min     3997.2   648.0   847.7   519.2  1972.7   690.3   2320.6   294.2
25%     4675.5  1219.8   946.8  1617.6  2351.0  1995.6   3361.0   397.0
50%     5416.8  1359.8  1159.5  1925.4  2576.4  2352.4   3943.7   453.7
75%     6756.8  1484.2  1405.5  2144.6  3018.8  2719.2   4593.0   608.2
max    10952.6  2229.5  2387.3  3739.7  5355.7  5495.1  15751.4  1355.9

